Caroline Islands  (2034,2000)  (2082,2000)  (2129,1980)  (2130,2024)  (2179,2022)  (2225,2031)
54 Sea Zone  (2068,2681)  (2022,2707)  (2022,2661)  (2113,2727)  (2068,2635)  (2114,2635)  (2114,2681)  (2001,2615)  (2159,2727)  (2159,2773)  (2113,2773)  (2047,2589)  (2093,2589)  (2139,2589)  (2160,2635)  (2160,2681)  (1955,2600)  (2185,2581)  (2205,2727)  (2205,2773)  (2205,2819)  (2159,2819)  (2206,2627)  (2206,2673)  (1855,2573)  (1849,2622)
Philippines  (1278,1867)  (1272,1916)  (1405,2096)  (1356,2092)  (1391,2042)  (1341,2040)  (1286,1967)  (1337,1987)
Iwo Jima  (1973,1246)
15 Sea Zone  (2679,751)  (2633,796)  (2633,750)  (2724,797)  (2679,705)  (2725,705)  (2725,751)  (2631,704)  (2678,842)  (2632,842)  (2587,796)  (2587,750)  (2770,797)  (2770,843)  (2724,843)  (2586,843)  (2677,659)  (2723,659)  (2769,659)  (2771,705)  (2771,751)  (2585,704)  (2585,658)  (2631,658)  (2678,888)  (2632,888)  (2806,889)  (2760,889)  (2586,889)  (2677,613)  (2723,613)  (2769,613)  (2578,612)  (2624,612)  (2714,934)  (2668,934)  (2806,935)  (2760,935)  (2622,935)
Queensland  (1931,2761)  (1885,2806)  (1885,2760)  (1976,2807)  (1931,2715)  (1977,2754)  (1883,2714)  (2022,2800)  (1929,2669)  (2058,2846)
Olgiy  (286,594)  (240,639)  (240,593)  (331,640)  (286,548)  (332,548)  (332,594)  (194,648)  (315,686)  (301,502)
Gilbert Islands  (2524,2142)
27 Sea Zone  (3280,1608)  (3234,1653)  (3234,1607)  (3325,1654)  (3280,1562)  (3326,1562)  (3326,1608)  (3232,1561)  (3279,1699)  (3233,1699)  (3188,1653)  (3188,1607)  (3371,1654)  (3371,1700)  (3325,1700)  (3187,1700)  (3278,1516)  (3324,1516)  (3370,1516)  (3372,1562)  (3372,1608)  (3186,1561)  (3186,1515)  (3232,1515)  (3279,1745)  (3233,1745)  (3406,1746)  (3360,1746)  (3187,1746)  (3278,1470)  (3324,1470)  (3370,1470)  (3174,1469)  (3220,1469)  (3314,1791)  (3268,1791)  (3406,1792)  (3360,1792)  (3222,1792)  (3176,1792)
63 Sea Zone  (2518,2990)  (2472,3035)  (2472,2989)  (2563,3036)  (2518,2944)  (2564,2944)  (2564,2990)  (2470,2943)  (2517,3081)  (2471,3081)  (2426,3035)  (2426,2989)  (2590,3082)  (2425,3082)  (2516,2898)  (2562,2898)  (2610,2974)  (2610,3020)  (2424,2943)  (2424,2897)  (2470,2897)  (2608,2888)  (2654,2854)  (2536,3127)  (2490,3127)  (2380,3036)  (2380,2990)  (2444,3128)  (2398,3128)  (2379,3082)  (2516,2852)  (2562,2852)  (2378,2944)  (2378,2898)  (2378,2852)  (2424,2851)  (2470,2851)  (2608,2842)  (2667,2900)  (2672,2946)  (2676,3149)  (2352,3155)  (2700,2810)  (2334,3036)  (2334,2990)  (2333,3109)  (2332,2944)  (2332,2898)  (2332,2852)  (2713,2856)  (2718,2902)  (2718,2948)  (2722,3119)  (2722,3165)  (2306,3166)  (2746,2810)  (2288,3063)  (2288,3017)  (2287,3120)  (2748,3072)  (2286,2971)  (2286,2925)  (2286,2879)  (2286,2833)  (2759,2856)  (2764,2902)  (2764,2948)  (2768,3118)  (2768,3164)  (2785,2994)  (2792,2810)  (2794,3040)  (2805,2856)  (2810,2902)  (2810,2948)  (2814,3086)  (2814,3132)  (2831,2994)  (2838,2810)  (2840,3040)  (2851,2856)  (2856,2902)  (2856,2948)  (2860,3086)  (2860,3132)  (2877,2994)  (2884,2810)  (2886,3040)  (2897,2856)  (2902,2902)  (2902,2948)  (2906,3086)  (2906,3132)  (2923,2994)  (2930,2810)  (2932,3040)  (2943,2856)  (2948,2902)  (2948,2948)  (2952,3086)  (2952,3132)  (2969,2994)
41 Sea Zone  (324,2578)  (278,2623)  (278,2577)  (369,2624)  (324,2532)  (370,2532)  (370,2578)  (276,2531)  (323,2669)  (277,2669)  (232,2623)  (232,2577)  (415,2624)  (415,2670)  (369,2670)  (231,2670)  (322,2486)  (368,2486)  (416,2531)  (416,2577)  (230,2531)  (230,2485)  (276,2485)  (323,2715)  (277,2715)  (186,2624)  (186,2578)  (461,2623)  (461,2669)  (461,2715)  (415,2716)  (369,2716)  (231,2716)  (185,2716)  (185,2670)  (322,2440)  (184,2532)  (184,2486)  (184,2440)  (230,2439)  (276,2439)  (140,2624)  (140,2578)  (507,2588)  (507,2634)  (507,2680)  (507,2726)  (139,2754)  (139,2708)  (139,2394)  (138,2532)  (138,2486)  (138,2440)  (185,2393)  (231,2393)  (277,2393)  (553,2614)  (553,2660)  (553,2706)  (553,2752)  (136,2348)  (182,2347)  (228,2347)  (274,2347)  (378,2336)  (320,2331)  (599,2630)  (599,2676)  (599,2722)
40 Sea Zone  (33,2566)  (78,2612)  (32,2612)  (0,2520)  (46,2520)  (79,2566)  (90,2658)  (44,2658)  (0,2474)  (46,2474)  (90,2704)  (44,2704)  (0,2428)  (46,2428)  (90,2750)  (44,2750)
4 Sea Zone  (2416,278)  (2370,323)  (2370,277)  (2461,324)  (2416,232)  (2462,232)  (2462,278)  (2368,231)  (2415,369)  (2369,369)  (2324,323)  (2324,277)  (2507,324)  (2507,370)  (2461,370)  (2323,370)  (2414,186)  (2460,186)  (2506,186)  (2508,232)  (2508,278)  (2322,231)  (2322,185)  (2368,185)  (2473,140)  (2519,140)
Fiji  (3089,2487)  (3133,2485)  (3173,2482)
Ceylon  (8,2215)  (48,2229)
18 Sea Zone  (1669,1310)  (1623,1355)  (1623,1309)  (1714,1356)  (1669,1264)  (1715,1264)  (1715,1310)  (1621,1263)  (1577,1367)  (1577,1321)  (1760,1356)  (1761,1263)  (1761,1309)  (1575,1275)  (1531,1367)  (1531,1321)  (1806,1355)  (1807,1263)  (1807,1309)  (1529,1275)
46 Sea Zone  (1905,2333)  (1859,2356)  (1859,2310)  (1905,2287)  (1951,2287)  (1951,2333)  (1959,2379)  (1840,2264)  (1886,2241)  (1932,2241)  (2045,2458)  (2075,2504)  (1937,2512)  (2091,2458)
Sakha  (1296,184)  (1250,229)  (1250,183)  (1341,230)  (1296,138)  (1342,138)  (1342,184)  (1248,137)  (1295,275)  (1249,275)  (1204,229)  (1204,183)  (1203,276)  (1294,92)  (1340,92)  (1386,92)  (1388,138)  (1388,184)  (1213,91)  (1432,48)  (1294,321)  (1158,230)  (1248,322)  (1259,46)  (1305,46)  (1351,46)  (1434,94)  (1434,140)  (1434,186)  (1213,45)  (1397,2)  (1443,2)  (1266,368)  (1259,0)  (1305,0)  (1351,0)  (1480,60)
55 Sea Zone  (1582,2592)  (1536,2609)  (1490,2634)  (1490,2588)  (1776,2628)  (1791,2581)
61 Sea Zone  (1666,3077)  (1620,3122)  (1620,3076)  (1711,3123)  (1666,3031)  (1712,3031)  (1712,3077)  (1618,3030)  (1574,3166)  (1574,3120)  (1757,3123)  (1664,2985)  (1758,3067)  (1572,3074)  (1572,3028)  (1803,3113)  (1803,3159)  (1804,3067)
26 Sea Zone  (2824,1545)  (2778,1590)  (2778,1544)  (2869,1591)  (2824,1499)  (2870,1499)  (2870,1545)  (2776,1498)  (2823,1636)  (2777,1636)  (2732,1590)  (2732,1544)  (2915,1591)  (2915,1637)  (2869,1637)  (2731,1637)  (2822,1453)  (2868,1453)  (2916,1511)  (2730,1498)  (2730,1452)  (2776,1452)  (2954,1415)  (2686,1591)  (2686,1545)  (2961,1557)  (2961,1603)  (2961,1649)  (2685,1679)  (2684,1499)  (2684,1453)  (2684,1407)  (2730,1406)  (2776,1406)  (2906,1393)  (2952,1369)  (2998,1369)  (3000,1415)  (2640,1633)  (2640,1587)  (3007,1527)  (3007,1573)  (3007,1619)  (3007,1665)  (2639,1679)  (2638,1541)  (2638,1495)  (2638,1449)  (2638,1403)  (3009,1461)  (3044,1362)  (3046,1408)  (3053,1507)  (3053,1553)  (3053,1599)  (3053,1645)  (3055,1454)  (3090,1362)  (3092,1408)  (3099,1500)  (3099,1546)  (3099,1592)  (3099,1638)  (3101,1454)
Victoria  (1863,3044)  (1908,3052)  (1945,3058)  (1994,3066)
Paulau Island  (1684,2113)
7 Sea Zone  (2326,545)  (2280,590)  (2280,544)  (2371,591)  (2326,499)  (2372,499)  (2372,545)  (2278,498)  (2325,636)  (2279,636)  (2234,590)  (2234,544)  (2417,591)  (2417,637)  (2371,637)  (2233,637)  (2324,453)  (2370,453)  (2416,453)  (2418,499)  (2418,545)  (2232,498)  (2232,452)  (2278,452)  (2462,430)  (2325,682)  (2279,682)  (2188,591)  (2188,545)  (2463,591)  (2463,637)  (2463,683)  (2417,683)  (2371,683)  (2233,683)  (2187,683)  (2187,637)  (2464,476)  (2464,522)  (2186,499)  (2186,453)  (2508,430)  (2509,568)  (2509,614)  (2509,660)  (2510,476)  (2510,522)
Line Islands  (3299,1921)
Samoa  (3477,2596)  (3529,2590)
38 Sea Zone  (244,2193)  (198,2238)  (198,2192)  (289,2239)  (244,2147)  (290,2147)  (290,2193)  (196,2146)  (243,2284)  (197,2284)  (152,2238)  (152,2192)  (335,2239)  (151,2284)  (242,2101)  (336,2155)  (150,2146)  (150,2100)  (196,2100)  (381,2201)  (381,2247)  (136,2054)
Dzavhan  (480,494)  (434,539)  (434,493)  (496,540)  (526,474)  (388,486)  (572,480)  (618,478)
Celebes  (1144,2347)  (1162,2395)  (1209,2393)  (1192,2346)  (1163,2297)  (1212,2296)  (1262,2283)  (1356,2273)
Evenkiyskiy  (193,201)  (147,246)  (147,200)  (238,247)  (193,155)  (239,155)  (239,201)  (145,154)  (192,292)  (146,292)  (252,293)  (191,109)  (237,109)  (107,108)  (283,108)  (206,338)  (160,338)  (153,63)  (199,63)  (106,62)  (245,62)  (173,384)  (152,17)  (198,17)  (106,16)  (244,16)
29 Sea Zone  (3278,2013)  (3232,2058)  (3232,2012)  (3323,2059)  (3278,1967)  (3324,1967)  (3324,2013)  (3230,1966)  (3277,2104)  (3231,2104)  (3186,2058)  (3186,2012)  (3369,2059)  (3369,2105)  (3323,2105)  (3185,2105)  (3345,1921)  (3370,1967)  (3370,2013)  (3184,1966)  (3184,1920)  (3230,1920)  (3391,1900)  (3277,2150)  (3231,2150)  (3406,2151)  (3360,2151)  (3185,2151)  (3311,1875)  (3174,1874)  (3220,1874)  (3357,1854)  (3403,1854)
Box 1  (3685,16)
Shensi  (343,1184)  (297,1229)  (297,1183)  (388,1230)  (343,1138)  (389,1138)  (389,1184)  (295,1137)  (342,1275)  (296,1275)  (251,1229)  (434,1230)  (250,1276)  (341,1092)  (435,1117)  (435,1163)  (293,1091)  (242,1322)  (303,1045)
Box 2  (3615,40)
Box 3  (3700,40)
Mexico  (3722,892)  (3678,846)  (3720,802)  (3670,801)  (3619,805)  (3611,852)  (3723,848)
Guam  (1710,1690)
New Britain  (2034,2403)  (2082,2377)
Yunnan  (409,1659)  (363,1694)  (363,1648)  (454,1705)  (409,1613)  (455,1637)  (500,1683)  (500,1729)  (398,1567)  (546,1736)
28 Sea Zone  (3588,1794)  (3542,1839)  (3542,1793)  (3633,1840)  (3588,1748)  (3634,1748)  (3634,1794)  (3540,1747)  (3587,1885)  (3541,1885)  (3496,1839)  (3496,1793)  (3679,1840)  (3679,1886)  (3633,1886)  (3495,1886)  (3586,1702)  (3632,1702)  (3678,1702)  (3680,1748)  (3680,1794)  (3494,1747)  (3494,1701)  (3540,1701)  (3724,1658)  (3587,1931)  (3541,1931)  (3725,1840)  (3725,1886)  (3725,1932)  (3679,1932)  (3633,1932)  (3495,1932)  (3586,1656)  (3632,1656)  (3678,1656)  (3726,1704)  (3726,1750)  (3452,1655)  (3498,1655)  (3724,1612)  (3587,1977)  (3541,1977)  (3726,1978)  (3680,1978)  (3634,1978)  (3495,1978)  (3544,1610)  (3590,1610)  (3636,1610)  (3452,1609)  (3498,1609)  (3682,1566)  (3588,2023)  (3542,2023)  (3726,2024)  (3680,2024)  (3634,2024)  (3496,2024)  (3544,1564)  (3590,1564)  (3636,1564)  (3452,1563)  (3498,1563)  (3682,1520)  (3588,2069)  (3542,2069)  (3726,2070)  (3680,2070)  (3634,2070)  (3496,2070)  (3544,1518)  (3590,1518)  (3636,1518)  (3452,1517)  (3498,1517)
23 Sea Zone  (2141,1580)  (2095,1625)  (2095,1579)  (2186,1626)  (2141,1534)  (2187,1534)  (2187,1580)  (2093,1533)  (2140,1671)  (2094,1671)  (2049,1625)  (2049,1579)  (2232,1626)  (2232,1672)  (2186,1672)  (2048,1672)  (2139,1488)  (2185,1488)  (2231,1488)  (2233,1534)  (2233,1580)  (2047,1533)  (2047,1487)  (2093,1487)  (2140,1717)  (2094,1717)  (2266,1718)  (2220,1718)  (2048,1718)  (2139,1442)  (2185,1442)  (2231,1442)  (2034,1441)  (2080,1441)  (2174,1763)  (2128,1763)  (2266,1764)  (2220,1764)  (2082,1764)  (2036,1764)
Marshall Islands  (2462,1876)  (2432,1834)  (2429,1791)
Wake Island  (2352,1538)
Shantung  (996,1111)  (950,1156)  (950,1110)  (1030,1157)  (996,1065)  (1042,1065)  (984,1202)  (938,1202)  (904,1156)  (1040,1203)  (974,1019)  (1020,1019)  (1088,1042)  (987,973)  (1033,973)  (1134,1016)
Yenisey  (411,254)  (365,299)  (365,253)  (456,300)  (411,208)  (457,208)  (457,254)  (363,207)  (410,345)  (364,345)  (319,299)  (319,253)  (502,300)  (475,346)  (318,346)  (409,162)  (455,162)  (501,162)  (503,208)  (503,254)  (317,207)  (327,161)  (547,118)  (429,391)  (383,391)  (548,300)  (337,392)  (291,392)  (373,116)  (419,116)  (465,116)  (549,164)  (549,210)  (245,420)  (511,72)  (557,72)  (593,118)  (594,264)  (319,438)  (349,70)  (395,70)  (441,70)  (595,164)  (603,62)  (199,465)  (245,466)  (487,26)  (533,26)  (339,24)  (385,24)  (431,24)  (579,16)  (625,16)  (153,456)
30 Sea Zone  (2881,1948)  (2835,1993)  (2835,1947)  (2926,1994)  (2881,1902)  (2927,1902)  (2927,1948)  (2833,1901)  (2880,2039)  (2834,2039)  (2789,1993)  (2789,1947)  (2972,1994)  (2972,2040)  (2926,2040)  (2788,2040)  (2879,1856)  (2973,1879)  (2973,1925)  (2787,1901)  (2787,1855)  (2833,1855)  (2925,1825)  (3005,1815)  (2880,2085)  (2834,2085)  (2743,1994)  (2743,1948)  (3018,1971)  (3018,2017)  (3018,2063)  (2972,2086)  (2926,2086)  (2788,2086)  (2742,2086)  (2742,2040)  (2879,1810)  (3019,1863)  (3019,1909)  (2741,1902)  (2741,1856)  (2741,1810)  (2787,1809)  (2833,1809)  (3041,2109)  (2925,1779)  (3051,1778)  (2971,1769)  (2880,2131)  (2834,2131)  (2697,1955)  (3064,1955)  (3064,2001)  (3064,2047)  (2995,2132)  (2949,2132)  (2788,2132)  (2742,2132)  (2696,1764)  (2879,1764)  (3065,1860)  (3065,1906)  (2695,1909)  (2695,1863)  (2695,1817)  (2742,1763)  (2788,1763)  (3087,2093)  (3087,2139)  (3041,2155)  (2925,1733)  (3017,1732)  (3063,1732)  (3097,1778)  (3109,1725)  (2903,2177)  (2857,2177)  (2651,1955)  (3110,1952)  (3110,1998)  (3110,2044)  (2995,2178)  (2949,2178)  (2811,2178)  (2765,2178)  (2719,2178)  (2650,1771)  (2650,1725)  (3111,1857)  (3111,1903)  (2649,1909)  (2649,1863)  (2649,1817)
Moscow  (14,130)  (51,176)  (5,176)  (0,84)  (46,84)  (75,222)  (29,222)  (0,38)  (46,38)
11 Sea Zone  (3578,1250)  (3532,1295)  (3532,1249)  (3623,1296)  (3578,1204)  (3624,1204)  (3624,1250)  (3530,1203)  (3577,1341)  (3531,1341)  (3486,1295)  (3486,1249)  (3669,1296)  (3669,1342)  (3623,1342)  (3485,1342)  (3576,1158)  (3622,1158)  (3668,1158)  (3670,1204)  (3670,1250)  (3484,1203)  (3484,1157)  (3530,1157)  (3714,1114)  (3577,1387)  (3531,1387)  (3715,1296)  (3715,1342)  (3715,1388)  (3669,1388)  (3623,1388)  (3485,1388)  (3576,1112)  (3622,1112)  (3668,1112)  (3716,1160)  (3716,1206)  (3452,1111)  (3498,1111)  (3577,1433)  (3531,1433)  (3726,1434)  (3680,1434)  (3634,1434)  (3485,1434)
Kweichow  (490,1394)  (444,1439)  (444,1393)  (535,1440)  (490,1348)  (536,1348)  (536,1394)  (442,1347)  (485,1485)  (439,1485)  (398,1439)  (398,1393)  (581,1440)  (582,1309)  (582,1355)  (396,1347)  (627,1401)  (628,1326)  (673,1377)
Shan State  (376,2018)  (404,2064)  (358,2064)  (354,1972)  (404,2110)  (386,1926)  (406,1880)  (452,1878)  (468,1832)  (483,1786)
2 Sea Zone  (2911,185)  (2881,139)  (2957,229)  (2911,231)  (2927,97)  (2881,93)
French Indo China  (673,2008)  (627,2042)  (627,1996)  (718,2054)  (673,1962)  (719,2008)  (614,1950)  (672,2088)  (581,2020)  (764,2072)  (718,2100)  (660,1916)  (607,1904)  (774,2118)  (672,2134)  (728,2146)  (653,1870)  (605,1858)  (753,2192)  (707,2192)
16 Sea Zone  (2325,855)  (2279,900)  (2279,854)  (2370,901)  (2325,809)  (2371,809)  (2371,855)  (2277,808)  (2324,946)  (2278,946)  (2233,900)  (2233,854)  (2416,901)  (2416,947)  (2370,947)  (2232,947)  (2323,763)  (2369,763)  (2415,763)  (2417,809)  (2417,855)  (2231,808)  (2231,762)  (2277,762)  (2461,733)  (2324,992)  (2278,992)  (2187,901)  (2187,855)  (2462,901)  (2462,947)  (2462,993)  (2416,993)  (2370,993)  (2232,993)  (2186,993)  (2186,947)  (2463,779)  (2463,825)  (2185,809)  (2185,763)  (2507,733)  (2508,871)  (2508,917)  (2508,963)  (2509,779)  (2509,825)
Soviet Far East  (2338,84)  (2292,129)  (2292,83)  (2338,38)  (2384,38)  (2384,84)  (2290,37)  (2246,161)  (2246,115)  (2430,0)  (2430,46)  (2430,92)  (2244,69)  (2244,23)  (2200,164)  (2200,118)  (2476,0)  (2476,46)  (2198,72)  (2198,26)  (2522,0)  (2522,46)  (2113,284)  (2568,0)  (2568,46)  (2614,0)  (2614,46)
51 Sea Zone  (3542,2402)  (3496,2447)  (3496,2401)  (3587,2448)  (3542,2356)  (3588,2356)  (3588,2402)  (3494,2355)  (3541,2493)  (3495,2493)  (3450,2447)  (3450,2401)  (3633,2448)  (3633,2494)  (3587,2494)  (3449,2494)  (3540,2310)  (3586,2310)  (3632,2310)  (3634,2356)  (3634,2402)  (3448,2355)  (3448,2309)  (3494,2309)  (3678,2266)  (3541,2539)  (3495,2539)  (3404,2448)  (3404,2402)  (3679,2448)  (3679,2494)  (3679,2540)  (3633,2540)  (3587,2540)  (3449,2540)  (3403,2540)  (3403,2494)  (3540,2264)  (3586,2264)  (3632,2264)  (3680,2312)  (3680,2358)  (3402,2356)  (3402,2310)  (3402,2264)  (3448,2263)  (3494,2263)  (3678,2220)  (3724,2220)  (3724,2266)  (3725,2404)  (3725,2450)  (3725,2496)  (3725,2542)  (3679,2586)  (3633,2586)  (3587,2586)  (3540,2218)  (3586,2218)  (3632,2218)  (3726,2312)  (3726,2358)  (3453,2217)  (3726,2588)  (3376,2597)  (3423,2617)  (3541,2630)  (3678,2174)  (3724,2174)  (3680,2632)  (3634,2632)  (3588,2632)  (3499,2172)  (3545,2172)  (3591,2172)  (3452,2171)  (3726,2634)  (3495,2637)  (3377,2643)  (3449,2663)  (3542,2676)  (3680,2678)  (3634,2678)  (3588,2678)  (3726,2680)  (3496,2683)  (3403,2689)
Burma  (262,1915)  (216,1960)  (216,1914)  (288,1961)  (262,1869)  (308,1869)  (308,1915)  (214,1868)  (242,2006)  (308,1823)  (354,1823)  (372,1777)  (418,1781)
Hunan  (623,1538)  (577,1583)  (577,1537)  (668,1584)  (647,1492)  (669,1538)  (693,1468)  (596,1629)  (550,1629)  (531,1583)  (531,1537)  (715,1514)  (739,1457)  (485,1567)  (761,1503)  (807,1467)  (807,1513)
Western United States  (3584,588)  (3538,633)  (3538,587)  (3629,634)  (3584,542)  (3630,542)  (3630,588)  (3536,541)  (3583,679)  (3537,679)  (3675,634)  (3675,680)  (3629,680)  (3582,496)  (3628,496)  (3674,496)  (3676,542)  (3676,588)  (3530,495)  (3720,470)  (3583,725)  (3721,634)  (3721,680)  (3721,726)  (3675,726)  (3629,726)  (3722,516)  (3722,562)
58 Sea Zone  (145,2888)  (99,2933)  (99,2887)  (190,2934)  (145,2842)  (191,2842)  (191,2888)  (97,2841)  (144,2979)  (98,2979)  (53,2933)  (53,2887)  (236,2934)  (236,2980)  (190,2980)  (52,2980)  (237,2800)  (237,2846)  (51,2841)  (7,2934)  (7,2888)  (282,2892)  (282,2938)  (282,2984)  (6,3004)  (283,2800)  (283,2846)  (5,2842)  (328,2892)  (328,2938)  (328,2984)  (329,2800)  (329,2846)
Kansu  (170,857)  (124,902)  (124,856)  (215,903)  (170,811)  (216,811)  (216,857)  (122,810)  (169,948)  (123,948)  (78,902)  (78,856)  (261,903)  (256,949)  (77,949)  (168,765)  (214,765)  (260,765)  (262,811)  (262,857)  (306,758)  (210,994)  (164,994)  (32,903)  (32,857)  (256,995)  (118,995)  (31,976)  (158,719)  (204,719)  (308,804)  (308,850)  (354,770)  (354,816)
43 Sea Zone  (943,2242)  (897,2279)  (932,2196)  (978,2196)  (1024,2167)  (1070,2167)  (1087,2213)  (856,2396)  (1069,2420)  (905,2435)  (969,2441)  (859,2442)
Amur  (1508,421)  (1462,466)  (1462,420)  (1553,467)  (1508,375)  (1554,375)  (1554,421)  (1460,374)  (1507,512)  (1461,512)  (1416,466)  (1416,420)  (1599,467)  (1599,513)  (1553,513)  (1415,513)  (1506,329)  (1552,329)  (1598,329)  (1600,375)  (1600,421)  (1414,374)  (1414,328)  (1460,328)  (1644,285)  (1370,467)  (1370,421)  (1645,467)  (1645,513)  (1645,559)  (1369,522)  (1506,283)  (1552,283)  (1598,283)  (1646,331)  (1646,377)  (1368,375)  (1402,282)  (1448,282)  (1690,270)  (1324,476)  (1324,430)  (1691,423)  (1691,469)  (1692,316)  (1692,362)  (1438,236)  (1278,496)  (1278,450)  (1738,324)  (1738,370)  (1232,481)  (1232,435)  (1186,481)  (1140,496)  (1140,450)
39 Sea Zone  (33,2289)  (78,2335)  (32,2335)  (79,2274)  (83,2228)  (73,2182)  (25,2156)  (71,2136)  (23,2110)  (69,2090)  (23,2064)  (69,2044)
Hopei  (568,1189)  (522,1234)  (522,1188)  (613,1235)  (568,1143)  (614,1143)  (614,1189)  (660,1129)  (660,1175)
19 Sea Zone  (1237,1215)  (1191,1260)  (1191,1214)  (1268,1261)  (1237,1169)  (1283,1169)  (1283,1215)  (1189,1168)  (1145,1298)  (1145,1252)  (1235,1123)  (1281,1123)  (1327,1123)  (1329,1169)  (1329,1215)  (1143,1206)  (1143,1160)  (1189,1122)  (1331,1261)  (1334,1307)  (1135,1114)  (1267,1329)  (1221,1338)  (1175,1348)  (1374,1353)  (1328,1353)  (1235,1077)  (1281,1077)  (1375,1158)  (1375,1204)  (1097,1165)  (1183,1076)  (1377,1250)  (1380,1296)  (1282,1375)  (1129,1382)  (1236,1384)  (1190,1394)  (1420,1342)  (1420,1388)  (1374,1399)  (1328,1399)  (1229,1031)  (1421,1204)  (1423,1250)  (1426,1296)  (1282,1421)  (1144,1428)  (1236,1430)  (1455,1434)  (1466,1342)  (1466,1388)  (1211,985)  (1472,1255)  (1096,958)  (1142,952)  (1188,939)  (1059,912)  (1105,906)  (1151,893)  (1197,893)  (1155,847)  (1201,847)
Formosa  (1095,1608)  (1128,1588)
British Columbia  (3644,338)  (3598,383)  (3598,337)  (3689,384)  (3644,292)  (3690,292)  (3690,338)  (3713,246)
Kwangsi  (698,1703)  (652,1748)  (652,1702)  (743,1749)  (698,1657)  (744,1657)  (697,1794)  (751,1795)  (754,1611)  (800,1601)  (786,1841)  (740,1841)
Korea  (1419,870)  (1373,850)  (1464,916)  (1418,916)  (1352,804)  (1439,962)  (1474,739)  (1534,657)  (1580,624)
Central Mongolia  (622,677)  (576,722)  (576,676)  (667,723)  (622,631)  (668,631)  (668,677)  (574,630)  (621,768)  (575,768)  (529,769)  (620,585)  (666,585)  (714,618)  (714,664)  (544,584)
Northern Territory  (1648,2744)  (1602,2789)  (1602,2743)  (1693,2790)  (1648,2698)  (1694,2698)  (1694,2744)  (1600,2697)  (1647,2835)  (1601,2835)  (1556,2789)  (1556,2743)  (1739,2790)  (1739,2836)  (1693,2836)  (1555,2836)  (1646,2652)  (1692,2652)  (1740,2675)  (1740,2721)  (1554,2697)  (1785,2767)  (1785,2813)  (1676,2606)  (1786,2691)  (1508,2737)
Tunguska  (41,541)  (86,587)  (40,587)  (0,495)  (46,495)  (87,541)  (92,490)  (132,587)  (124,633)  (78,633)  (32,633)  (0,449)  (46,449)  (133,536)  (92,444)  (109,679)  (63,679)  (17,679)  (0,403)  (46,403)  (92,398)  (75,725)  (29,725)  (0,357)  (46,357)  (0,311)  (46,311)
20 Sea Zone  (1252,1640)  (1206,1685)  (1206,1639)  (1297,1686)  (1252,1594)  (1298,1594)  (1298,1640)  (1204,1593)  (1251,1731)  (1205,1731)  (1160,1685)  (1160,1639)  (1343,1686)  (1343,1732)  (1297,1732)  (1159,1732)  (1250,1548)  (1296,1548)  (1342,1548)  (1344,1594)  (1344,1640)  (1170,1547)  (1124,1533)  (1388,1504)  (1251,1777)  (1205,1777)  (1114,1686)  (1389,1686)  (1389,1732)  (1389,1778)  (1343,1778)  (1297,1778)  (1159,1778)  (1113,1778)  (1113,1732)  (1216,1502)  (1262,1502)  (1308,1502)  (1390,1550)  (1390,1596)  (1170,1501)  (1098,1487)  (1073,1640)  (1434,1480)  (1068,1686)  (1435,1642)  (1435,1688)  (1435,1734)  (1435,1780)  (1067,1806)  (1067,1760)  (1436,1526)  (1436,1572)  (1059,1594)  (1022,1714)  (1021,1806)  (1021,1760)  (975,1806)  (975,1760)  (929,1806)  (929,1760)
Kiangsu  (954,1346)  (908,1391)  (908,1345)  (999,1392)  (954,1300)  (1000,1300)  (1000,1346)  (906,1299)  (1045,1392)  (1046,1278)  (1046,1324)
Kiangsi  (934,1515)  (888,1560)  (888,1514)  (979,1561)  (934,1469)  (980,1469)  (980,1515)  (886,1468)  (982,1607)  (1026,1470)
Alaska  (3229,67)  (3183,112)  (3183,66)  (3274,113)  (3229,21)  (3275,21)  (3275,67)  (3181,20)  (3178,158)  (3137,112)  (3137,66)  (3320,113)  (3264,159)  (3321,0)  (3321,46)  (3135,20)  (3132,163)  (3337,159)  (3091,117)  (3091,71)  (3366,92)  (3367,0)  (3367,46)  (3089,25)  (3138,209)  (3092,209)  (3086,163)  (3383,138)  (3395,184)  (3046,217)  (3045,117)  (3412,92)  (3413,0)  (3413,46)  (3043,15)  (3040,171)  (3429,138)  (3441,184)  (2999,125)  (3458,92)  (3459,0)  (3459,46)  (2997,15)  (2994,179)  (3475,138)  (3487,184)  (3503,230)  (3504,92)  (3505,0)  (3505,46)  (3519,276)  (3549,216)
34 Sea Zone  (1749,1966)  (1703,2011)  (1703,1965)  (1794,2012)  (1749,1920)  (1795,1920)  (1795,1966)  (1701,1919)  (1748,2057)  (1702,2057)  (1657,2011)  (1657,1965)  (1840,2012)  (1840,2058)  (1794,2058)  (1656,2058)  (1747,1874)  (1793,1874)  (1839,1874)  (1841,1920)  (1841,1966)  (1655,1919)  (1655,1873)  (1701,1873)  (1748,2103)  (1882,2104)  (1836,2104)  (1747,1828)  (1793,1828)  (1839,1828)  (1637,1827)  (1683,1827)  (1647,2128)  (1702,2137)  (1790,2149)  (1882,2150)  (1836,2150)  (1656,2174)
Aleutian Islands  (2920,400)  (2967,375)  (3014,350)  (3056,327)
Japan  (1772,976)  (1726,1009)  (1726,963)  (1806,930)  (1818,976)  (1680,1052)  (1829,884)  (1845,838)  (1850,792)  (1849,746)  (1525,1124)  (1919,606)  (1965,582)  (1907,560)
New Zealand  (2675,3024)  (2686,3070)  (2657,2975)  (2722,3022)
Suiyuan  (447,937)  (401,982)  (401,936)  (492,983)  (447,891)  (493,891)  (493,937)  (399,890)  (446,1028)  (400,1028)  (355,982)  (355,936)  (445,845)  (491,845)  (537,845)  (539,891)  (539,937)  (583,842)  (585,888)
Suiyuyan  (447,937)  (401,982)  (401,936)  (492,983)  (447,891)  (493,891)  (493,937)  (399,890)  (446,1028)  (400,1028)  (355,982)  (355,936)  (445,845)  (491,845)  (537,845)  (539,891)  (539,937)  (583,842)  (585,888)
New South Wales  (1962,2937)  (1916,2982)  (1916,2936)  (2007,2983)  (1962,2891)  (2008,2891)  (2008,2937)  (1870,2982)  (1870,2936)  (2054,2899)  (2054,2945)
Yakut S.S.R.  (712,241)  (666,286)  (666,240)  (757,287)  (712,195)  (758,195)  (758,241)  (664,194)  (663,332)  (710,149)  (756,149)  (802,149)  (617,344)  (807,362)  (848,105)  (848,151)  (675,103)  (721,103)  (767,103)  (761,380)  (571,381)  (649,390)  (715,401)  (813,59)  (859,59)  (894,105)  (699,57)  (745,57)  (582,427)  (525,414)  (905,48)  (791,13)  (837,13)  (701,11)  (883,2)
56 Sea Zone  (1256,2884)  (1210,2929)  (1210,2883)  (1295,2930)  (1256,2838)  (1208,2837)  (1249,2975)  (1203,2975)  (1164,2929)  (1164,2883)  (1322,2976)  (1254,2792)  (1162,2837)  (1162,2791)  (1208,2791)  (1157,2982)  (1300,2780)  (1346,2761)  (1276,3021)  (1230,3021)  (1118,2936)  (1118,2890)  (1347,3022)  (1254,2746)  (1116,2844)  (1116,2798)  (1165,2745)  (1184,3028)  (1138,3028)  (1111,2982)  (1392,2735)  (1300,2734)  (1346,2715)  (1301,3067)  (1255,3067)  (1439,3068)  (1393,3068)  (1347,3068)  (1211,2700)  (1209,3074)  (1163,3074)  (1117,3074)  (1392,2689)  (1257,2688)  (1303,2669)  (1301,3113)  (1255,3113)  (1485,3047)  (1485,3093)  (1439,3114)  (1393,3114)  (1347,3114)  (1209,3120)  (1163,3120)  (1117,3120)  (1349,2643)  (1395,2643)  (1490,3139)  (1287,2623)  (1301,3159)  (1255,3159)  (1444,3160)  (1398,3160)  (1352,3160)  (1209,3166)  (1163,3166)  (1117,3166)  (1333,2597)  (1379,2597)  (1425,2597)
37 Sea Zone  (687,2354)  (641,2341)  (732,2400)  (686,2400)  (687,2308)  (733,2308)  (733,2354)  (627,2295)  (778,2400)  (778,2446)  (732,2446)  (686,2446)  (779,2282)  (779,2328)  (570,2250)  (524,2226)
24 Sea Zone  (2366,1187)  (2320,1232)  (2320,1186)  (2411,1233)  (2366,1141)  (2412,1141)  (2412,1187)  (2318,1140)  (2365,1278)  (2319,1278)  (2274,1232)  (2274,1186)  (2457,1233)  (2457,1279)  (2411,1279)  (2273,1279)  (2364,1095)  (2410,1095)  (2456,1095)  (2458,1141)  (2458,1187)  (2272,1140)  (2272,1094)  (2318,1094)  (2365,1324)  (2319,1324)  (2486,1325)  (2440,1325)  (2273,1325)  (2364,1049)  (2410,1049)  (2456,1049)
Java  (734,2596)  (776,2597)  (824,2597)  (870,2596)  (916,2596)  (962,2597)  (1021,2586)
9 Sea Zone  (3199,727)  (3153,772)  (3153,726)  (3244,773)  (3199,681)  (3245,681)  (3245,727)  (3151,680)  (3198,818)  (3152,818)  (3290,773)  (3290,819)  (3244,819)  (3197,635)  (3243,635)  (3289,635)  (3291,681)  (3291,727)  (3114,634)  (3198,864)  (3152,864)  (3301,865)  (3255,865)  (3160,589)  (3206,589)  (3252,589)  (3298,589)  (3114,588)  (3209,910)  (3163,910)  (3117,910)  (3301,911)  (3255,911)  (3160,543)  (3206,543)  (3252,543)  (3298,543)  (3114,542)  (3209,956)  (3163,956)  (3117,956)  (3301,957)  (3255,957)  (3160,497)  (3206,497)  (3252,497)  (3298,497)  (3114,496)  (3209,1002)  (3301,1003)  (3255,1003)  (3160,451)  (3206,451)  (3252,451)  (3298,451)
India  (38,1898)  (83,1944)  (37,1944)  (0,1852)  (46,1852)  (84,1898)  (92,1844)  (129,1944)  (27,1990)  (0,1806)  (46,1806)  (130,1890)  (138,1821)
Tsinghai  (76,1140)  (30,1185)  (30,1139)  (121,1186)  (76,1094)  (122,1094)  (122,1140)  (28,1093)  (75,1231)  (29,1231)  (167,1186)  (167,1232)  (121,1232)  (168,1055)  (168,1101)  (0,1047)  (46,1047)  (213,1147)  (214,1056)
45 Sea Zone  (1646,2315)  (1600,2336)  (1600,2290)  (1646,2269)  (1692,2269)  (1692,2315)  (1578,2382)  (1574,2244)  (1554,2336)  (1554,2290)  (1738,2224)  (1738,2270)  (1738,2316)  (1532,2409)  (1784,2224)  (1784,2270)  (1784,2316)  (1742,2455)  (1666,2456)  (1571,2475)  (1620,2477)  (1744,2501)  (1671,2502)  (1574,2521)  (1625,2523)
Siberia  (1798,115)  (1752,160)  (1752,114)  (1843,161)  (1798,69)  (1844,69)  (1844,115)  (1750,68)  (1797,206)  (1751,206)  (1706,160)  (1706,114)  (1889,161)  (1857,207)  (1705,207)  (1796,23)  (1842,23)  (1888,23)  (1890,69)  (1890,115)  (1704,68)  (1704,22)  (1750,22)  (1934,0)  (1660,161)  (1660,115)  (1935,161)  (1936,46)  (1936,92)  (1658,69)  (1658,23)  (1980,0)  (1614,197)  (1614,151)  (1981,138)  (1981,184)  (1982,46)  (1982,92)  (1612,105)  (1612,59)  (1612,13)  (2026,0)  (1568,200)  (1568,154)  (2027,138)  (2028,46)  (2028,92)  (1566,108)  (1566,62)  (1566,16)  (2072,0)  (1522,186)  (2073,138)  (2074,46)  (2074,92)  (1520,7)  (2118,0)  (2120,46)  (2120,92)
52 Sea Zone  (3387,2965)  (3341,3010)  (3341,2964)  (3432,3011)  (3387,2919)  (3433,2919)  (3433,2965)  (3339,2918)  (3386,3056)  (3340,3056)  (3295,3010)  (3295,2964)  (3478,3011)  (3478,3057)  (3432,3057)  (3294,3057)  (3385,2873)  (3431,2873)  (3477,2873)  (3479,2919)  (3479,2965)  (3293,2918)  (3293,2872)  (3339,2872)  (3523,2829)  (3386,3102)  (3340,3102)  (3249,3011)  (3249,2965)  (3524,3011)  (3524,3057)  (3524,3103)  (3478,3103)  (3432,3103)  (3294,3103)  (3248,3103)  (3248,3057)  (3385,2827)  (3431,2827)  (3477,2827)  (3525,2875)  (3525,2921)  (3247,2919)  (3247,2873)  (3247,2827)  (3293,2826)  (3339,2826)  (3523,2783)  (3569,2783)  (3569,2829)  (3386,3148)  (3340,3148)  (3203,3011)  (3203,2965)  (3570,2967)  (3570,3013)  (3570,3059)  (3570,3105)  (3524,3149)  (3478,3149)  (3432,3149)  (3294,3149)  (3248,3149)  (3202,3149)  (3202,3103)  (3202,3057)  (3385,2781)  (3431,2781)  (3477,2781)  (3571,2875)  (3571,2921)  (3201,2919)  (3201,2873)  (3201,2827)  (3572,3151)  (3615,2745)  (3615,2791)  (3157,3011)  (3157,2965)  (3616,2967)  (3616,3013)  (3616,3059)  (3616,3105)  (3156,3166)  (3156,3120)  (3156,3074)  (3617,2837)  (3617,2883)  (3155,2919)  (3155,2873)  (3155,2827)  (3618,3151)  (3661,2745)  (3661,2791)  (3111,3028)  (3111,2982)  (3662,2929)  (3662,2975)  (3662,3021)  (3662,3067)  (3110,3166)  (3110,3120)  (3110,3074)  (3663,2837)  (3663,2883)  (3109,2936)  (3109,2890)  (3109,2844)  (3664,3113)  (3664,3159)  (3707,2745)  (3707,2791)  (3065,3028)  (3065,2982)  (3708,2929)  (3708,2975)  (3708,3021)  (3708,3067)  (3064,3166)  (3064,3120)  (3064,3074)  (3709,2837)  (3709,2883)  (3063,2936)  (3063,2890)  (3063,2844)  (3710,3113)  (3710,3159)
Malaya  (545,2331)  (499,2307)  (591,2378)
48 Sea Zone  (2511,2172)  (2465,2217)  (2465,2171)  (2556,2218)  (2557,2164)  (2565,2118)  (2437,2099)  (2483,2099)  (2510,2263)  (2464,2263)  (2419,2217)  (2419,2171)  (2602,2210)  (2602,2256)  (2556,2264)  (2418,2264)  (2603,2164)  (2529,2072)  (2575,2072)  (2611,2118)  (2621,2062)  (2393,2053)  (2439,2053)  (2648,2210)  (2648,2256)  (2649,2164)  (2485,2026)  (2531,2026)  (2657,2108)  (2577,2016)  (2623,2016)  (2667,2062)  (2669,2014)  (2393,2007)  (2439,2007)
Himalayas  (115,1738)  (69,1733)  (161,1766)  (64,1687)  (207,1777)  (253,1777)  (299,1735)
62 Sea Zone  (2087,3067)  (2041,3112)  (2132,3113)  (2083,3021)  (2129,3021)  (2133,3067)  (2175,2979)  (2086,3158)  (2040,3158)  (2178,3113)  (2178,3159)  (2132,3159)  (2114,2975)  (2179,3025)  (2160,2933)  (2206,2933)  (2221,2979)  (2224,3071)  (2224,3117)  (2224,3163)  (2225,3025)  (1887,3105)  (1885,3166)
Szechwan  (224,1540)  (178,1585)  (178,1539)  (269,1586)  (224,1494)  (270,1494)  (270,1540)  (177,1493)  (223,1631)  (177,1631)  (132,1585)  (279,1632)  (131,1632)  (223,1448)  (269,1448)  (315,1448)  (316,1494)  (316,1540)  (233,1677)  (187,1677)  (214,1402)  (260,1402)  (306,1402)  (223,1723)  (317,1356)
57 Sea Zone  (694,2883)  (648,2928)  (648,2882)  (739,2929)  (694,2837)  (740,2837)  (740,2883)  (646,2836)  (693,2974)  (647,2974)  (602,2928)  (602,2882)  (785,2929)  (785,2975)  (739,2975)  (601,2975)  (786,2800)  (786,2846)  (600,2836)  (556,2929)  (556,2883)  (831,2892)  (831,2938)  (831,2984)  (555,3004)  (832,2800)  (832,2846)  (554,2837)  (510,2958)  (510,2912)  (877,2892)  (877,2938)  (877,2984)  (509,3004)  (878,2800)  (878,2846)  (508,2866)  (508,2820)  (464,2958)  (464,2912)  (923,2892)  (923,2938)  (923,2984)  (463,3004)  (924,2800)  (924,2846)  (462,2866)  (462,2820)  (418,2958)  (418,2912)  (969,2892)  (969,2938)  (969,2984)  (417,3004)  (970,2800)  (970,2846)  (416,2866)  (416,2820)  (1015,2892)  (1015,2938)  (1015,2984)  (1016,2800)  (1016,2846)  (1061,2892)  (1061,2938)  (1061,2984)  (1062,2800)  (1062,2846)
33 Sea Zone  (2043,1897)  (1997,1942)  (1997,1896)  (2083,1943)  (2043,1851)  (2089,1851)  (2089,1897)  (1995,1850)  (1978,1988)  (1951,1942)  (1951,1896)  (2135,1826)  (2135,1872)  (2135,1918)  (1949,1850)  (1932,2007)  (2181,1826)  (2181,1872)  (2181,1918)  (2188,1964)  (2037,2047)  (1966,2053)  (2104,2062)  (2227,1826)  (2227,1872)  (2227,1918)  (2229,2084)  (2234,1964)  (2183,2092)  (2058,2093)  (2012,2093)  (1966,2099)  (2137,2108)  (2275,2066)  (2275,2112)  (2229,2130)  (2280,1937)  (2280,1983)  (2183,2138)  (2091,2139)  (2045,2139)  (1999,2145)  (1953,2145)  (2137,2154)  (2303,2158)  (2321,2086)  (2257,2176)  (2326,1981)  (2336,2027)
59 Sea Zone  (103,3098)  (57,3143)  (57,3097)  (148,3144)  (103,3052)  (149,3052)  (149,3098)  (55,3051)  (11,3166)  (11,3120)  (194,3144)  (195,3050)  (195,3096)  (9,3074)  (240,3142)  (241,3050)  (241,3096)
49 Sea Zone  (2477,2433)  (2431,2478)  (2431,2432)  (2522,2479)  (2477,2387)  (2523,2387)  (2523,2433)  (2429,2386)  (2476,2524)  (2430,2524)  (2385,2478)  (2385,2432)  (2568,2479)  (2568,2525)  (2522,2525)  (2384,2525)  (2475,2341)  (2521,2341)  (2567,2341)  (2569,2387)  (2569,2433)  (2383,2386)  (2383,2340)  (2429,2340)  (2613,2318)  (2339,2479)  (2339,2433)  (2614,2479)  (2614,2525)  (2338,2535)  (2615,2364)  (2615,2410)  (2337,2387)  (2659,2318)  (2293,2464)  (2660,2456)  (2660,2502)  (2661,2364)  (2661,2410)  (2705,2318)  (2247,2451)  (2706,2456)  (2706,2502)  (2707,2364)  (2707,2410)  (2716,2225)  (2716,2271)  (2223,2535)  (2751,2317)  (2752,2456)  (2752,2502)  (2753,2363)  (2753,2409)  (2762,2224)  (2762,2270)  (2177,2535)  (2797,2316)  (2798,2455)  (2798,2501)  (2799,2362)  (2799,2408)  (2808,2224)  (2808,2270)  (2843,2316)  (2844,2454)  (2844,2500)  (2845,2362)  (2845,2408)  (2854,2224)  (2854,2270)
Box1  (3685,16)
Box2  (3615,40)
6 Sea Zone  (1659,808)  (1613,853)  (1613,807)  (1704,854)  (1659,762)  (1705,762)  (1705,808)  (1611,761)  (1658,899)  (1612,899)  (1567,853)  (1567,807)  (1750,854)  (1566,900)  (1657,716)  (1703,716)  (1749,716)  (1751,762)  (1751,808)  (1565,761)  (1565,715)  (1611,715)  (1795,672)  (1666,945)  (1620,945)  (1521,850)  (1574,946)  (1657,670)  (1703,670)  (1749,670)  (1797,718)  (1797,791)  (1519,804)  (1528,986)  (1795,626)  (1473,802)  (1482,1009)  (1875,1023)  (1436,1030)  (1882,976)  (1799,580)  (1896,889)  (1901,664)  (1768,1057)  (1829,1060)  (1845,556)  (1911,710)  (1916,836)  (1919,1069)  (1921,1022)  (1924,756)  (1457,1076)  (1411,1076)  (1390,1030)  (1928,935)  (1942,882)  (1947,664)  (1783,1103)  (1737,1103)  (1873,1106)  (1841,510)  (1957,710)  (1962,802)  (1632,1114)  (1967,981)  (1349,906)  (1691,1119)  (1970,756)  (1458,1122)  (1344,1035)  (1974,928)  (1977,490)  (1586,1129)  (1336,989)  (1988,848)  (1993,630)  (1827,1149)  (1781,1149)  (1882,1152)  (2003,676)  (2008,802)  (1645,1160)  (2013,974)  (1303,943)  (1303,897)  (1735,1165)  (2016,722)  (2020,894)  (1936,444)  (1982,444)  (2023,490)  (1599,1175)  (2028,439)  (2034,848)  (2039,594)  (1276,851)  (2043,536)  (1836,1195)  (1790,1195)  (2049,640)  (2054,768)  (1689,1206)  (2059,940)  (2059,986)  (1553,1209)  (1744,1211)  (2062,686)  (2066,894)  (2069,485)  (2074,430)  (2080,814)  (2085,582)  (2089,531)  (2095,628)  (2100,732)  (2105,940)  (2105,986)  (2108,674)  (2112,860)  (2115,476)  (2120,430)
Borneo  (972,2340)  (926,2385)  (1013,2386)  (1001,2294)  (1018,2340)
Buyant-Uhaa  (861,680)  (815,725)  (815,679)  (861,634)  (907,640)  (907,686)  (769,768)  (953,638)  (953,684)  (999,614)  (999,660)
Jehol  (897,866)  (851,911)  (851,865)  (942,912)  (897,820)  (943,820)  (943,866)  (849,819)  (896,957)  (850,957)  (805,911)  (805,865)  (988,912)  (899,774)  (945,774)  (989,820)  (989,866)  (803,819)  (991,772)  (804,994)  (907,1003)  (861,1003)  (1035,818)  (797,1040)  (1081,803)
Dutch New Guinea  (1653,2385)  (1700,2397)  (1747,2401)  (1791,2410)
60 Sea Zone  (648,3109)  (602,3154)  (602,3108)  (693,3155)  (648,3063)  (694,3063)  (694,3109)  (600,3062)  (556,3166)  (556,3120)  (739,3155)  (740,3050)  (740,3096)  (554,3074)  (510,3166)  (510,3120)  (785,3142)  (786,3050)  (786,3096)  (508,3074)  (464,3166)  (464,3120)  (831,3142)  (832,3050)  (832,3096)  (462,3074)  (418,3166)  (418,3120)  (877,3142)  (878,3050)  (878,3096)  (416,3074)  (372,3166)  (372,3120)  (923,3142)  (924,3050)  (924,3096)  (370,3074)  (326,3166)  (326,3120)  (969,3142)  (970,3050)  (970,3096)  (324,3074)  (1015,3142)  (1016,3050)  (1016,3096)  (1061,3142)  (1062,3050)  (1062,3096)
Johnston Island  (2938,1853)
Yukon Territory  (3600,147)  (3554,135)  (3645,193)  (3646,115)  (3691,161)  (3692,115)
Box3  (3700,40)
Ulaanbaatar  (853,500)  (807,545)  (807,499)  (898,546)  (853,454)  (899,460)  (805,453)  (761,572)  (761,526)  (944,506)  (944,552)  (759,480)  (990,492)  (713,480)
Chahar  (669,995)  (623,1040)  (623,994)  (714,1041)  (669,949)  (715,949)  (715,995)  (577,1057)  (577,1011)  (652,903)  (698,903)  (675,857)
Sumatra  (592,2560)  (543,2530)  (498,2481)  (454,2432)  (546,2482)
10 Sea Zone  (3424,717)  (3378,762)  (3378,716)  (3469,763)  (3424,671)  (3376,670)  (3423,808)  (3377,808)  (3515,799)  (3469,809)  (3422,625)  (3346,624)  (3550,845)  (3423,854)  (3377,854)  (3504,855)  (3392,579)  (3438,579)  (3346,578)  (3568,891)  (3458,900)  (3412,900)  (3366,900)  (3522,901)  (3392,533)  (3438,533)  (3346,532)  (3608,937)  (3476,946)  (3430,946)  (3384,946)  (3562,947)  (3392,487)  (3438,487)  (3346,486)  (3654,983)  (3608,983)  (3516,992)  (3470,992)  (3424,992)  (3378,992)  (3562,993)  (3708,1002)  (3662,1029)  (3616,1029)
Kwangtung  (858,1707)  (812,1752)  (812,1706)  (882,1753)  (878,1661)  (924,1657)
31 Sea Zone  (2450,1575)  (2404,1620)  (2404,1574)  (2495,1621)  (2450,1529)  (2496,1529)  (2496,1575)  (2402,1528)  (2449,1666)  (2403,1666)  (2358,1620)  (2358,1574)  (2541,1621)  (2541,1667)  (2495,1667)  (2357,1667)  (2448,1483)  (2494,1483)  (2540,1483)  (2542,1529)  (2542,1575)  (2356,1486)  (2402,1482)  (2314,1440)  (2586,1439)  (2312,1621)  (2312,1575)  (2587,1621)  (2587,1667)  (2448,1437)  (2494,1437)  (2540,1437)  (2588,1485)  (2588,1531)  (2360,1436)
Okinawa  (1298,1311)
42 Sea Zone  (900,2652)  (854,2697)  (854,2651)  (945,2698)  (946,2645)  (880,2569)  (926,2562)  (899,2743)  (853,2743)  (808,2697)  (808,2651)  (991,2691)  (991,2737)  (945,2744)  (807,2744)  (992,2645)  (972,2557)  (802,2555)  (1018,2534)  (848,2523)  (894,2516)  (762,2698)  (762,2652)  (1037,2691)  (1037,2737)  (761,2754)  (1038,2637)  (940,2511)  (756,2553)  (802,2509)  (1064,2492)  (1064,2538)  (716,2708)  (716,2662)  (1083,2683)  (1083,2729)  (715,2754)  (1084,2619)  (1110,2479)  (1110,2525)  (1113,2571)  (670,2708)  (670,2662)  (1129,2665)  (669,2754)  (1130,2617)  (1156,2478)  (1156,2524)  (1159,2570)  (1176,2616)  (1202,2478)  (1202,2524)  (1205,2570)  (1248,2478)  (1248,2524)  (1294,2478)  (1294,2524)  (1340,2478)  (1340,2524)  (1386,2478)  (1386,2524)  (1432,2478)  (1432,2524)  (1478,2478)  (1478,2524)
13 Sea Zone  (2982,1160)  (2936,1205)  (2936,1159)  (3027,1206)  (2982,1114)  (3028,1114)  (3028,1160)  (2934,1113)  (2981,1251)  (2935,1251)  (2890,1205)  (2890,1159)  (3073,1206)  (3073,1252)  (3027,1252)  (2889,1252)  (2980,1068)  (3026,1068)  (3072,1068)  (3074,1114)  (3074,1160)  (2888,1113)  (2888,1067)  (2934,1067)  (3118,1024)  (2981,1297)  (2935,1297)  (3119,1206)  (3119,1252)  (3119,1298)  (3073,1298)  (3027,1298)  (2889,1298)  (2980,1022)  (3026,1022)  (3072,1022)  (3120,1070)  (3120,1116)  (2884,1021)  (2930,1021)
25 Sea Zone  (2672,1147)  (2626,1192)  (2626,1146)  (2717,1193)  (2672,1101)  (2718,1101)  (2718,1147)  (2624,1100)  (2671,1238)  (2625,1238)  (2580,1192)  (2580,1146)  (2763,1193)  (2579,1239)  (2670,1055)  (2716,1055)  (2762,1055)  (2764,1101)  (2764,1147)  (2578,1100)  (2578,1054)  (2624,1054)  (2777,1239)  (2808,1017)  (2689,1284)  (2643,1284)  (2534,1193)  (2534,1147)  (2809,1193)  (2809,1285)  (2597,1285)  (2551,1285)  (2533,1239)  (2810,1063)  (2810,1109)  (2532,1101)  (2532,1055)  (2763,1293)  (2823,1239)  (2588,1331)  (2542,1331)
South Australia  (1660,2906)  (1614,2935)  (1706,2891)  (1726,2937)  (1568,2961)  (1568,2915)  (1752,2891)  (1772,2937)  (1798,2891)
Tsagaan-Olom  (437,670)  (391,715)  (391,669)  (471,716)  (437,624)  (483,624)  (483,670)  (465,762)
3 Sea Zone  (2695,169)  (2649,214)  (2649,168)  (2740,215)  (2695,123)  (2741,123)  (2741,169)  (2647,122)  (2603,257)  (2603,211)  (2786,215)  (2713,77)  (2759,77)  (2787,123)  (2787,169)  (2601,165)  (2805,59)  (2832,215)  (2713,31)  (2833,105)  (2833,151)
Marianas  (1834,1544)  (1824,1648)  (1866,1643)  (1837,1590)
Sikang  (39,1439)  (84,1485)  (38,1485)  (0,1393)  (46,1393)  (85,1439)  (92,1386)  (75,1531)  (29,1531)  (0,1347)  (46,1347)  (131,1432)  (92,1340)  (138,1340)  (67,1577)  (21,1577)
53 Sea Zone  (2582,2653)  (2536,2698)  (2536,2652)  (2627,2699)  (2582,2607)  (2628,2607)  (2628,2653)  (2534,2606)  (2581,2744)  (2535,2744)  (2490,2695)  (2673,2699)  (2673,2745)  (2627,2745)  (2674,2581)  (2674,2627)  (2488,2649)  (2488,2603)  (2719,2673)  (2719,2719)  (2720,2581)  (2720,2627)  (2442,2665)  (2442,2619)  (2430,2764)  (2765,2673)  (2765,2719)  (2766,2581)  (2766,2627)  (2396,2662)  (2396,2616)  (2384,2764)  (2811,2673)  (2811,2719)  (2812,2581)  (2812,2627)  (2350,2661)  (2350,2615)  (2338,2764)  (2335,2718)  (2857,2673)  (2857,2719)  (2858,2581)  (2858,2627)  (2304,2672)  (2304,2626)  (2292,2764)  (2289,2718)
New Hebrides  (2378,2693)  (2427,2693)  (2460,2731)
Siam  (511,2070)  (465,2115)  (465,2069)  (556,2116)  (511,2024)  (463,2023)  (602,2101)  (602,2147)  (509,1978)  (456,1977)  (611,2193)  (502,1932)  (548,1928)
Western Australia  (1424,2893)  (1378,2938)  (1378,2892)  (1469,2939)  (1424,2847)  (1470,2847)  (1470,2893)  (1376,2846)  (1423,2984)  (1490,2985)  (1422,2801)  (1468,2801)  (1330,2850)
47 Sea Zone  (2152,2296)  (2106,2325)  (2106,2279)  (2197,2342)  (2152,2250)  (2198,2250)  (2198,2296)  (2088,2233)  (2151,2371)  (2060,2311)  (2243,2342)  (2244,2224)  (2244,2270)  (2042,2265)  (2023,2363)  (2289,2316)  (2290,2224)  (2290,2270)  (2336,2224)  (2336,2270)
Hawaiian Islands  (2964,1501)  (2899,1424)  (2854,1390)  (2941,1457)
Solomon Islands  (2183,2455)  (2217,2478)  (2259,2498)
12 Sea Zone  (3278,1230)  (3232,1275)  (3232,1229)  (3323,1276)  (3278,1184)  (3324,1184)  (3324,1230)  (3230,1183)  (3277,1321)  (3231,1321)  (3186,1275)  (3186,1229)  (3369,1276)  (3369,1322)  (3323,1322)  (3185,1322)  (3276,1138)  (3322,1138)  (3368,1138)  (3370,1184)  (3370,1230)  (3184,1183)  (3184,1137)  (3230,1137)  (3277,1367)  (3231,1367)  (3406,1368)  (3360,1368)  (3185,1368)  (3276,1092)  (3322,1092)  (3368,1092)  (3174,1091)  (3220,1091)
17 Sea Zone  (2057,1208)  (2011,1199)  (2102,1254)  (2056,1254)  (2057,1162)  (2103,1162)  (2103,1208)  (2001,1153)  (2010,1277)  (2148,1254)  (2148,1300)  (2102,1300)  (2056,1300)  (1964,1300)  (2047,1116)  (2093,1116)  (2139,1116)  (2149,1162)  (2149,1208)  (1955,1191)  (1977,1107)  (2010,1323)  (1933,1254)  (2185,1080)  (2194,1254)  (2194,1300)  (2194,1346)  (2148,1346)  (2102,1346)  (2056,1346)  (1964,1346)  (1918,1346)  (1918,1300)  (2023,1070)  (2069,1070)  (2115,1070)  (2195,1126)  (2195,1172)
5 Sea Zone  (1943,334)  (1897,379)  (1897,333)  (1988,380)  (1943,288)  (1989,288)  (1989,334)  (1895,287)  (1851,384)  (1851,338)  (2034,380)  (1849,292)  (1816,430)  (2080,376)  (1788,476)  (2126,372)  (1760,522)  (2163,252)  (2166,298)  (1714,562)  (2172,344)  (2209,224)  (2212,270)  (2218,316)  (2218,362)  (2258,226)  (2264,272)  (2264,318)  (2264,364)
New Guinea  (1862,2420)  (1862,2469)  (1912,2431)  (1954,2457)
44 Sea Zone  (1318,2364)  (1272,2409)  (1363,2410)  (1364,2357)  (1289,2297)  (1409,2403)  (1410,2341)  (1411,2266)  (1230,2236)  (1183,2230)  (1455,2387)  (1456,2330)  (1457,2225)  (1457,2271)  (1115,2431)
8 Sea Zone  (2767,416)  (2721,461)  (2721,415)  (2812,462)  (2767,370)  (2813,370)  (2813,416)  (2719,369)  (2766,507)  (2720,507)  (2675,461)  (2675,415)  (2858,462)  (2858,508)  (2812,508)  (2674,508)  (2765,324)  (2811,324)  (2857,324)  (2859,370)  (2859,416)  (2673,369)  (2673,323)  (2719,323)  (2903,303)  (2629,462)  (2629,416)  (2904,462)  (2904,508)  (2628,530)  (2905,349)  (2627,370)  (2627,324)  (2949,303)  (2583,484)  (2583,438)  (2950,424)  (2950,470)  (2950,516)  (2582,530)  (2581,392)  (2581,346)  (2995,303)  (2996,413)  (2996,459)  (2996,505)  (3042,372)  (3042,418)  (3042,464)  (3042,510)  (3088,372)
32 Sea Zone  (2410,1752)  (2364,1775)  (2364,1729)  (2456,1725)  (2462,1771)  (2474,1817)  (2396,1821)  (2350,1824)  (2318,1777)  (2318,1731)  (2502,1725)  (2508,1771)  (2304,1857)  (2520,1817)  (2520,1863)  (2417,1867)  (2371,1870)  (2548,1725)  (2554,1771)  (2566,1817)  (2566,1863)  (2566,1909)  (2520,1909)  (2442,1913)  (2396,1916)  (2587,1955)  (2541,1955)  (2495,1955)
Midway  (2732,1277)
1 Sea Zone  (3306,322)  (3260,367)  (3260,321)  (3351,368)  (3306,276)  (3352,276)  (3352,322)  (3258,275)  (3214,404)  (3214,358)  (3397,368)  (3304,230)  (3350,230)  (3398,242)  (3398,288)  (3168,404)  (3168,358)  (3443,334)  (3443,380)  (3444,267)  (3489,326)  (3489,372)
Buryatia  (994,281)  (948,326)  (948,280)  (1039,327)  (994,235)  (1040,235)  (1040,281)  (946,234)  (993,372)  (947,372)  (902,326)  (902,280)  (1085,327)  (1085,373)  (1039,373)  (901,373)  (992,189)  (1038,189)  (1084,189)  (1086,235)  (1086,281)  (900,234)  (933,188)  (993,418)  (856,320)  (1131,341)  (1131,387)  (1072,419)  (979,143)  (1025,143)  (1071,143)  (1117,143)  (854,220)  (1177,377)  (977,97)  (1023,97)  (1069,97)  (1115,97)  (1161,93)  (976,51)  (1022,51)  (1068,51)  (1114,51)  (975,5)  (1021,5)  (1067,5)  (1113,5)
14 Sea Zone  (2953,759)  (2907,804)  (2907,758)  (2998,805)  (2953,713)  (2999,713)  (2999,759)  (2905,712)  (2952,850)  (2906,850)  (2861,804)  (2861,758)  (3044,805)  (3044,851)  (2998,851)  (2860,851)  (2951,667)  (2997,667)  (3043,667)  (3045,713)  (3045,759)  (2859,712)  (2859,666)  (2905,666)  (2952,896)  (2906,896)  (3068,897)  (3022,897)  (2860,897)  (2951,621)  (2997,621)  (3043,621)  (2852,620)  (2898,620)  (2976,942)  (2930,942)  (3068,943)  (3022,943)  (2884,943)
Manchuria  (1211,654)  (1165,699)  (1165,653)  (1256,700)  (1211,608)  (1257,608)  (1257,654)  (1163,607)  (1210,745)  (1164,745)  (1119,699)  (1119,653)  (1302,700)  (1269,746)  (1118,746)  (1209,562)  (1255,562)  (1303,564)  (1303,610)  (1117,607)  (1117,561)  (1163,561)  (1073,700)  (1348,656)  (1348,702)  (1349,579)  (1394,625)  (1394,671)  (1440,588)  (1440,634)  (1486,598)
36 Sea Zone  (929,2011)  (883,2056)  (883,2010)  (974,2057)  (929,1965)  (975,1965)  (975,2011)  (928,2102)  (882,2102)  (837,2056)  (837,2010)  (1020,2057)  (1020,2103)  (974,2103)  (836,2103)  (894,1919)  (940,1919)  (986,1919)  (1021,1965)  (1021,2011)  (826,1909)  (1032,1908)  (888,2148)  (1066,2057)  (1066,2103)  (842,2149)  (872,1873)  (918,1873)  (964,1873)  (1067,1954)  (1067,2000)  (780,1923)  (1010,1862)  (1056,1862)  (1078,1908)  (1102,1852)  (1112,2046)  (1112,2092)  (846,2195)  (1113,1954)  (1113,2000)
21 Sea Zone  (1610,1585)  (1564,1630)  (1564,1584)  (1655,1631)  (1610,1539)  (1656,1539)  (1656,1585)  (1562,1538)  (1609,1676)  (1563,1676)  (1701,1631)  (1675,1677)  (1608,1493)  (1654,1493)  (1702,1573)  (1526,1492)  (1730,1706)  (1629,1722)  (1583,1722)  (1537,1722)  (1747,1619)  (1684,1723)  (1572,1447)  (1618,1447)  (1664,1447)  (1526,1446)  (1771,1752)  (1638,1768)  (1592,1768)  (1546,1768)  (1725,1769)
Anhwe  (767,1235)  (721,1280)  (721,1234)  (812,1281)  (767,1189)  (813,1189)  (813,1235)  (766,1326)  (720,1326)  (675,1280)  (821,1327)  (743,1143)  (789,1143)  (835,1143)  (859,1207)  (775,1372)  (821,1373)  (770,1097)  (816,1097)  (862,1092)
Kazakhstan  (-12,816)
50 Sea Zone  (3113,2424)  (3067,2459)  (3067,2413)  (3113,2378)  (3159,2378)  (3159,2424)  (3055,2367)  (3057,2505)  (3176,2513)  (3021,2459)  (3021,2413)  (3101,2332)  (3147,2332)  (3193,2332)  (3205,2378)  (3205,2424)  (3011,2525)  (3111,2527)  (3009,2367)  (3009,2321)  (3055,2321)  (3222,2533)  (3227,2470)  (3239,2298)  (3065,2551)  (3176,2559)  (2975,2479)  (2975,2433)  (3101,2286)  (3147,2286)  (3193,2286)  (3251,2344)  (3251,2390)  (3019,2571)  (2973,2571)  (2965,2525)  (3130,2573)  (2963,2387)  (2963,2341)  (2963,2295)  (3009,2275)  (3055,2275)  (3267,2579)  (3273,2436)  (3273,2482)  (3239,2252)  (3285,2252)  (3285,2298)  (3084,2597)  (2937,2249)  (3221,2605)  (2929,2479)  (2929,2433)  (3101,2240)  (3147,2240)  (3193,2240)  (3297,2344)  (3297,2390)  (2927,2609)  (3038,2617)  (2992,2617)  (3175,2619)  (2983,2229)  (3029,2229)  (3313,2571)  (3313,2617)  (3267,2625)  (3319,2436)  (3319,2482)  (3129,2643)  (3221,2651)  (2946,2655)  (3330,2663)  (3083,2663)  (3037,2663)  (3175,2665)  (3284,2671)  (3129,2689)  (3238,2697)  (2991,2701)  (2945,2701)  (3330,2709)  (3083,2709)  (3037,2709)  (3192,2711)  (3284,2717)  (3146,2735)  (3238,2743)  (2991,2747)  (2945,2747)  (3330,2755)  (3100,2755)  (3054,2755)  (3192,2757)  (3284,2763)
22 Sea Zone  (1883,1487)  (1837,1520)  (1837,1474)  (1928,1533)  (1883,1441)  (1929,1441)  (1929,1487)  (1823,1428)  (1882,1566)  (1800,1569)  (1791,1523)  (1791,1477)  (1974,1533)  (1974,1579)  (1928,1579)  (1975,1413)  (1975,1459)  (1777,1431)  (1745,1524)  (1745,1478)  (1988,1625)  (1942,1625)  (1817,1625)  (1988,1671)  (1942,1671)  (1896,1684)  (1850,1700)  (1988,1717)  (1942,1717)  (1896,1730)  (1850,1746)  (1988,1763)  (1942,1763)  (1896,1776)
Hainan  (808,1965)  (853,1962)
35 Sea Zone  (1433,1930)  (1387,1941)  (1387,1895)  (1478,1976)  (1433,1884)  (1479,1884)  (1479,1930)  (1351,1849)  (1341,1917)  (1524,1976)  (1524,2022)  (1478,2022)  (1397,1838)  (1443,1838)  (1489,1838)  (1525,1884)  (1525,1930)  (1535,1828)  (1570,1976)  (1570,2022)  (1570,2068)  (1524,2068)  (1478,2068)  (1571,1874)  (1571,1920)  (1285,2073)  (1581,1826)  (1278,2027)  (1591,2114)  (1545,2114)  (1499,2114)  (1271,2119)  (1227,1830)  (1225,2137)  (1214,1878)  (1335,2149)  (1206,1926)  (1591,2160)  (1545,2160)  (1499,2160)  (1453,2160)  (1198,1993)  (1289,2165)  (1407,2176)  (1181,1832)  (1179,2178)  (1179,2132)  (1168,1880)